Shape,DOWNTOWN,STNAME,NAME,YEAR_,AAWDT,HPMS,FLOW_COUNT,OBJECTID,GEOBASID,COMPKEY,SEGKEY,INPUT_STUDY_ID,Shape_Length
"(47.535405816000036, -122.28064276199996)",N,RENTON AVE S,"RENTON AVE S, N/O S CLOVERDALE ST",2011,8100, ,Y,1,94250370,12522,12522,304794,4614.870959197440243
"(47.52407785500003, -122.29347826999998)",N,AIRPORT WAY S,"AIRPORT WAY S, N/O S NORFOLK ST",2011,10800,Y,Y,2,50000650,8702,8702,307682,18205.406552658681903
"(47.70505121300005, -122.34469412899995)",N,N NORTHGATE WAY,"N NORTHGATE WAY, W/O ASHWORTH AVE N",2011,26900,Y,Y,3,127150040,16114,16114,304717,4585.847750314947916
"(47.67606025300006, -122.34830501899995)",N,N 65TH ST,"N 65TH ST, W/O LINDEN AVE N",2011,8000, ,Y,4,123450090,15794,15794,303940,12341.358542661795582
"(47.61096394800006, -122.34045213799999)",Y,2ND AVE,"2ND AVE, NW/O LENORA ST",2011,6000,Y, ,5,9550200,2762,2762,302238,4161.475769154266345
"(47.712044252000055, -122.29951197399998)",N,LAKE CITY WAY NE,"LAKE CITY WAY NE, S/O NE 145TH ST",2011,37100, ,Y,6,80150420,11190,11190,308061,8237.156888512736259
"(47.60462517900004, -122.32697031499998)",Y,JAMES ST,"JAMES ST, NE/O 7TH AVE",2011,41500,Y,Y,7,78850080,11055,11055,304509,1288.21315091562974
"(47.71960135900008, -122.35553853899995)",N,GREENWOOD AVE N,"GREENWOOD AVE N, S/O N 145TH ST",2011,21400,Y,Y,8,71050870,10795,10795,307700,5299.689215171582873
"(47.52331233900003, -122.27640325399994)",N,RENTON AVE S,"RENTON AVE S, SE/O S HENDERSON ST",2011,6800, ,Y,9,94250400,12525,12525,304796,8271.634200980632158
"(47.61218154000005, -122.33854264999997)",Y,4TH AVE,"4TH AVE, NW/O LENORA ST",2011,18900,Y,Y,10,31300190,6138,6138,302412,3501.394410082227296
"(47.522861344000034, -122.36009936199997)",N,DELRIDGE WAY SW,"DELRIDGE WAY SW, NW/O SW CAMBRIDGE ST",2011,13200,Y,Y,11,63200340,9992,9992,307690,2347.959226793898324
"(47.55342592800008, -122.33421550999998)",N,1ST AVE S,"1ST AVE S, S/O S LUCILE ST",2011,18700, ,Y,12,300310,1221,1221,304760,1881.079007731866568
"(47.723211939000066, -122.34515960199997)",N,N 130TH ST,"N 130TH ST, W/O ASHWORTH AVE N",2011,20700,Y,Y,13,118650110,15163,15163,304708,5315.400620676872677
"(47.63955597900008, -122.40100005599999)",N,34TH AVE W,"34TH AVE W, N/O W BARRETT ST",2011,4800, ,Y,14,26200100,5324,5324,308004,7204.63076241226554
"(47.66851165500003, -122.29019267799998)",N,NE 55TH ST,"NE 55TH ST, E/O 35TH AVE NE",2011,8300,Y,Y,15,133750350,17051,17051,307775,1323.039423058570719
"(47.654938093000055, -122.36083128799999)",N,3RD AVE NW,"3RD AVE NW, S/O NW 80TH ST",2011,9700, ,Y,16,20950400,4471,4471,304227,11692.612628180764659
"(47.71764180000008, -122.29620135799996)",N,30TH AVE NE,"30TH AVE NE, S/O NE 145TH ST",2011,8300, ,Y,17,21550520,4641,4641,308000,5900.803625264510629
"(47.586101169000074, -122.323500578)",N,BEACON AVE S,"BEACON AVE S, N/O S SPOKANE ST",2011,11400, ,Y,18,53900160,9125,9125,304768,7046.176207854363383
"(47.56074767600006, -122.28702675999995)",N,RAINIER AVE S,"RAINIER AVE S, NW/O S HOLLY ST",2011,19300,Y,Y,19,93450660,12402,12402,304792,9899.733008114781114
"(47.710076694000065, -122.34477676699998)",N,AURORA AVE N,"AURORA AVE N, S/O N 145TH ST",2011,32500, ,Y,20,52501190,9001,9001,308047,8773.643828610460332
"(47.663266177000025, -122.30088691599997)",N,25TH AVE NE,"25TH AVE NE, S/O NE 75TH ST",2011,11100,Y,Y,21,16100130,3731,3731,304662,7221.949072401705052
"(47.61445724200007, -122.32982243199996)",Y,E PINE ST,"E PINE ST, W/O BROADWAY",2011,11700, ,Y,22,114800070,14633,14633,304537,2305.035244900328962
"(47.611629135000044, -122.33959191399998)",Y,3RD AVE,"3RD AVE, NW/O LENORA ST",2011,7200, ,Y,23,20800160,4388,4388,308010,3855.520727898629048
"(47.68311118200006, -122.31748950699995)",N,NE 75TH ST,"NE 75TH ST, W/O ROOSEVELT WAY NE",2011,21300,Y,Y,24,135950080,17506,17506,307794,1638.610901794168967
"(47.68304823500006, -122.29047889399999)",N,35TH AVE NE,"35TH AVE NE, N/O NE 75TH ST",2011,15800, ,Y,25,27050130,5363,5363,308006,16661.424758965822548
"(47.615589863000025, -122.31015123699996)",N,E MADISON ST,"E MADISON ST, SW/O LAKE WASHINGTON BLVD E",2011,16100, ,Y,26,112750300,14364,14364,304668,5825.629013037947516
"(47.658981683000036, -122.30113876099995)",N,25TH AVE NE,"25TH AVE NE, S/O NE 47TH ST",2011,20300,Y,Y,27,16100020,3720,3720,304660,1566.224923291004188
"(47.61295826700007, -122.33787347699996)",Y,5TH AVE,"5TH AVE, NW/O LENORA ST",2011,14600, ,Y,28,38850180,7244,7244,302244,3161.404039913431461
"(47.60329714200003, -122.32728726199997)",Y,6TH AVE,"6TH AVE, SE/O PIKE ST",2011,15300, ,Y,29,44350100,7882,7882,303507,4217.53224933465026
"(47.653996696000036, -122.38060539099996)",N,W EMERSON PL,"W EMERSON PL, SE/O 21ST AVE W",2011,20100, ,Y,30,185650015,23271,23271,308095,917.627234475308683
"(47.60169336800004, -122.31678189399997)",N,12TH AVE,"12TH AVE, N/O E YESLER WAY",2011,14800, ,Y,31,3200010,1523,1523,304511,6655.508026715082451
"(47.56114223700007, -122.38145850499996)",N,FAUNTLEROY WAY SW,"FAUNTLEROY WAY SW, S/O SW ALASKA ST",2011,17300,Y,Y,32,67700130,10387,10387,307771,6700.409654086413866
"(47.60172233900005, -122.33417859399998)",Y,1ST AVE,"1ST AVE, SE/O PIKE ST",2011,20500, ,Y,33,100090,1008,1008,304623,3622.387028347058731
"(47.64854072800006, -122.34277540199997)",N,STONE WAY N,"STONE WAY N, S/O N 45TH ST",2011,14100, ,Y,34,98100150,12968,12968,304702,7875.271358196113397
"(47.613465820000044, -122.32891310199994)",Y,E PIKE ST,"E PIKE ST, W/O BROADWAY",2011,11100, ,Y,35,114650070,14599,14599,304535,2072.732072209127637
"(47.690655407000065, -122.36599300999995)",N,NW 85TH ST,"NW 85TH ST, W/O 16TH AVE NW",2011,15200, ,Y,36,148450150,18971,18971,304745,7963.593456626173065
"(47.605155453000066, -122.33924210299995)",Y,SENECA ST OFF RP,"SENECA ST OFF RP, NE/O ALASKAN WY VI NB",2011,9800,Y,Y,37,96200010,12786,12786,303114,568.309333198142554
"(47.522322333000034, -122.33484135399999)",N,MYERS WAY S,"MYERS WAY S, S/O OLSON PL SW",2011,5600,Y,Y,38,87750010,11941,11941,307715,2781.790191331812366
"(47.54750295400004, -122.32143892899995)",N,CORSON AVE S,"CORSON AVE S, S/O S MICHIGAN ST",2011,9500,Y,Y,39,61150170,9833,9833,304772,2609.228439255416561
"(47.61117277100004, -122.34477198499997)",Y,WESTERN AVE,"WESTERN & ELLIOTT AVE, NW/O LENORA ST",2011,9700, ,Y,40,104200130,13507,13507,308210,4123.168215299043368
"(47.708560987000055, -122.31785220999996)",N,PINEHURST WAY NE,"PINEHURST WAY NE, NE/O NE 115TH ST",2011,10000,Y,Y,41,91650050,12231,12231,304551,2635.264938200772576
"(47.54800543700003, -122.33416792299994)",N,1ST AV S BR NB,"1ST AV S BR NB & SB, S/O POINT A",2011,98300, ,Y,42,520040,1270,1270,307929,4493.010222033040918
"(47.70508354100008, -122.35545274599997)",N,GREENWOOD AVE N,"GREENWOOD AVE N, N/O N 107TH ST",2011,23500,Y,Y,43,71050670,10775,10775,304696,5295.660582630240242
"(47.55208187900007, -122.31975399299995)",N,S LUCILE ST,"S LUCILE ST, W/O 12TH AVE S",2011,11500, ,Y,44,164950115,20699,20699,308081,1104.919695010912619
"(47.71447200800003, -122.31250490699995)",N,15TH AVE NE,"15TH AVE NE, S/O NE 145TH ST",2011,15100,Y,Y,45,5550680,2096,2096,304648,7106.180547824972564
"(47.544682574000035, -122.37644504299999)",N,35TH AVE SW,"35TH AVE SW, S/O SW MORGAN ST",2011,20600,Y,Y,46,27200240,5462,5462,307672,8613.68362604408685
"(47.51727251900007, -122.34013076499997)",N,SW ROXBURY ST,"SW ROXBURY ST, E/O 26TH AVE SW",2011,18700,Y,Y,47,181450280,22771,22771,307747,9082.814805230540514
"(47.544682574000035, -122.37644504299999)",N,SW MORGAN ST,"SW MORGAN ST, W/O 35TH AVE SW",2011,7000,Y,Y,48,180000070,22592,22592,307745,2660.88132902199095
"(47.571109189000026, -122.37064141299999)",N,SW AVALON WAY,"SW AVALON WAY, N/O 30TH AVE SW",2011,13500, ,Y,49,173900035,21818,21818,303740,3424.604323704277249
"(47.622060832000045, -122.34367501599996)",N,AURORA BR,"AURORA BR, S/O BRIDGE WAY N",2011,76300, ,Y,50,52540270,8919,8919,308207,10850.446509834267999
"(47.626828156000045, -122.32021962799996)",N,E ALOHA ST,"E ALOHA ST, E/O 10TH AVE E",2011,7400, ,Y,51,108300040,13812,13812,303862,869.880954828098766
"(47.613595528000076, -122.33517270299996)",Y,7TH AVE,"7TH AVE, NW/O LENORA ST",2011,4700, ,Y,52,47050150,8164,8164,308018,2713.653654498012656
"(47.55226298000008, -122.31929088799995)",N,CORSON AVE S,"CORSON AVE S, N/O S MICHIGAN ST",2011,27900,Y,Y,53,61150160,9832,9832,304770,1873.879353787621994
"(47.66753995500005, -122.39831360899996)",N,32ND AVE NW,"32ND AVE NW, S/O NW 80TH ST",2011,4400, ,Y,54,23850280,5001,5001,304221,8343.161943647515727
"(47.58119534200006, -122.38654575599998)",N,CALIFORNIA AVE SW,"CALIFORNIA AVE SW, S/O SW CHARLESTOWN ST",2011,14300, ,Y,55,57900200,9548,9548,308055,7978.442174768427321
"(47.56281827200007, -122.28783612799998)",N,RAINIER AVE S,"RAINIER AVE S, N/O S ALASKA ST",2011,26200, ,Y,56,93450450,12383,12383,304790,786.98202076319285
"(47.60933797300004, -122.32513907699996)",Y,MADISON ST,"MADISON ST, NE/O BOREN AVE",2011,25200,Y,Y,57,83000140,11592,11592,304531,1269.957265145249721
"(47.52225744300006, -122.32298568299996)",N,8TH AVE S,"8TH AVE S, N/O CITY LIMITS",2011,1800, ,Y,58,48050420,8469,8469,308024,1303.604930602553395
"(47.60165615300008, -122.29676784199995)",N,M L KING JR WAY,"M L KING JR WAY, N/O E YESLER WAY",2011,13400, ,Y,59,82910010,11481,11481,304527,2335.014337746900765
"(47.50635283200006, -122.25453661599994)",N,RENTON AVE S,"RENTON AVE S, SE/O S BANGOR ST",2011,11200, ,Y,60,94250590,12545,12545,308077,2893.1225686604148
"(47.63349905000007, -122.37619535299996)",N,15TH AVE W,"15TH AVE W, N/O W ARMORY WAY",2011,42300,Y,Y,61,5750060,2188,2188,304755,7640.755891831888221
"(47.66501938000005, -122.35395996399996)",N,PHINNEY AVE N,"PHINNEY AVE N, S/O N 65TH ST",2011,11200, ,Y,62,91150330,12159,12159,304700,4076.163761869759583
"(47.68292620300008, -122.26369135099998)",N,NE 125TH ST,"NE 125TH ST, E/O 35TH AVE NE",2011,11100, ,Y,63,129750300,16504,16504,304676,17299.62173436737794
"(47.683045873000026, -122.31207927199995)",N,15TH AVE NE,"15TH AVE NE, S/O NE NORTHGATE WAY",2011,7000, ,Y,64,5550500,2078,2078,304672,11465.332337624080537
"(47.601716156000066, -122.33026479299997)",Y,3RD AVE,"3RD AVE, SE/O PIKE ST",2011,8500, ,Y,65,20800110,4383,4383,308012,4292.235215610890009
"(47.57209540100007, -122.36001028199996)",N,WEST MARGINAL WAY SW,"WEST MARGINAL WAY SW, NW/O HIGHLAND PARK WAY SW",2011,16900,Y,Y,66,188450140,23539,23539,307753,13076.035679779013662
"(47.51685113700006, -122.27002476599995)",N,51ST AVE S,"51ST AVE S, S/O S BANGOR ST",2011,9700, ,Y,67,40250440,7537,7537,308014,9773.270361867680549
"(47.67578344000003, -122.31192972099996)",N,15TH AVE NE,"15TH AVE NE, S/O NE 75TH ST",2011,7500, ,Y,68,5550250,2054,2054,304646,2680.065642696879422
"(47.60168875700003, -122.31416192599994)",N,14TH AVE,"14TH AVE, N/O E YESLER WAY",2011,8300, ,Y,69,4450010,1840,1840,304515,1642.740505838396302
"(47.71974505000003, -122.31813230799997)",N,ROOSEVELT WAY NE,"ROOSEVELT WAY NE, SE/O NE 130TH N ST",2011,18900,Y,Y,70,94850755,12667,12667,307739,1819.382111628248595
"(47.61859203600005, -122.35283934999995)",Y,DENNY WAY,"DENNY WAY, W/O 2ND AVE",2011,33300,Y,Y,71,63450045,10000,10000,307145,1115.205642893322192
"(47.72311933700007, -122.32356466599998)",N,5TH AVE NE,"5TH AVE NE, S/O 145TH ST OFF RP",2011,6600, ,Y,72,38950700,7340,7340,308016,3988.297149992508821
"(47.58610376900003, -122.33419784499995)",N,S HOLGATE BR,"S HOLGATE BR, E/O S HOLGATE ST",2011,6700, ,Y,73,161950010,20314,20314,302542,2641.632276670509327
"(47.61990774700007, -122.32087289199995)",N,E JOHN ST,"E JOHN ST, E/O BROADWAY E",2011,15400, ,Y,74,112000040,14243,14243,302671,972.867066792347487
"(47.52280971300007, -122.34672690899998)",N,8TH AVE SW,"8TH AVE SW, N/O SW ROXBURY ST",2011,7200, ,Y,75,48100100,8477,8477,308026,2079.736964187974536
"(47.632304341000065, -122.39300801799999)",N,28TH AVE W,"28TH AVE W, S/O W DRAVUS ST",2011,3700, ,Y,76,19300260,4248,4248,304664,5961.537848719569411
"(47.686939153000026, -122.36064997699998)",N,3RD AVE NW,"3RD AVE NW, S/O NW 145TH ST",2011,8000, ,Y,77,20950790,4513,4513,308008,17217.798895739975706
"(47.57142086600004, -122.32907749799995)",N,4TH AVE S,"4TH AVE S, N/O S DAWSON ST",2011,23100,Y,Y,78,31500240,6252,6252,303734,5766.300635457911085
"(47.533680428000025, -122.35503244799997)",N,16TH AVE SW,"16TH AVE SW, N/O SW CAMBRIDGE ST",2011,4600, ,Y,79,6950380,2349,2349,304654,5953.08094043285746
"(47.60736380600008, -122.34021614299996)",Y,WESTERN AVE,"WESTERN AVE, NW/O UNION ST",2011,8700, ,Y,80,104200090,13503,13503,308205,1809.333517050579303
"(47.522322333000034, -122.33484135399999)",N,OLSON PL SW,"OLSON PL SW, SW/O 1ST AVE S",2011,31400,Y,Y,81,89550010,12052,12052,307731,2293.552794419569182
"(47.63225547800005, -122.32607101999997)",N,EASTLAKE AVE E,"EASTLAKE AVE E, SW/O HARVARD AVE E",2011,16100,Y,Y,82,65100270,10183,10183,307767,7370.303405809795549
"(47.59920482900003, -122.33418803099994)",Y,1ST AVE S,"1ST AVE S, N/O S KING ST",2011,9300, ,Y,83,300040,1188,1188,304627,918.302843865553086
"(47.66124330500003, -122.29286352199995)",N,35TH AVE NE,"35TH AVE NE, S/O NE 75TH ST",2011,15800,Y,Y,84,27050120,5362,5362,307668,8287.308817190038098
"(47.62458297400008, -122.35670922099996)",N,QUEEN ANNE AVE N,"QUEEN ANNE AVE N, S/O CROCKETT ST",2011,10200, ,Y,85,93150200,12312,12312,307197,4620.282941388033578
"(47.65399335500007, -122.37621487399997)",N,W EMERSON PL,"W EMERSON PL, SE/O 21ST AVE W",2011,20100, ,Y,86,185650015,23271,23271,308095,2821.021995329086167
"(47.57139257500006, -122.33419371699995)",N,1ST AVE S,"1ST AVE S, S/O S SPOKANE SR ST",2011,12800,Y,Y,87,300215,1214,1214,304629,6553.632279713823664
"(47.61027471300008, -122.34134343299996)",Y,1ST AVE,"1ST AVE, NW/O LENORA ST",2011,15600,Y,Y,88,100140,1013,1013,304625,4622.274752348186666
"(47.60794452500005, -122.32847075299998)",Y,8TH AVE,"8TH AVE, SE/O PIKE ST",2011,5100,Y,Y,89,47850140,8279,8279,307680,3919.717367982512314
"(47.57139895700004, -122.32274644999995)",N,AIRPORT WAY S,"AIRPORT WAY S, NW/O S LUCILE ST",2011,18300,Y,Y,90,50000425,8689,8689,307684,6686.4168953207718
"(47.71927875100005, -122.295233054)",N,NE 125TH ST,"NE 125TH ST, W/O 27TH AVE NE",2011,15600,Y,Y,91,129750230,16496,16496,307723,5659.747086605498225
"(47.53695787700008, -122.27027401699996)",N,RAINIER AVE S,"RAINIER AVE S, S/O S OTHELLO ST",2011,22000, ,Y,92,93450730,12409,12409,307540,7909.970362432159163
"(47.618574815000045, -122.34357429399995)",N,AURORA AVE N,"AURORA AVE N, S/O HARRISON ST",2011,75100, ,Y,93,52500030,8900,8900,308045,1272.632664625800544
"(47.53973286000007, -122.30036374099996)",N,S MYRTLE ST,"S MYRTLE ST, W/O BEACON WR AVE S",2011,13500,Y,Y,94,166350100,20911,20911,303728,1055.353999760376837
"(47.61849175800006, -122.33072296099999)",Y,DENNY WAY,"DENNY WAY, E/O STEWART ST",2011,25400,Y,Y,95,63450280,10023,10023,304507,1257.038051126794016
"(47.528519095000036, -122.39273438499998)",N,FAUNTLEROY WAY SW,"FAUNTLEROY WAY SW, N/O SW BARTON ST",2011,9900, ,Y,96,67700450,10420,10420,308057,8903.757974892490893
"(47.686941912000066, -122.35529962599998)",N,GREENWOOD AVE N,"GREENWOOD AVE N, S/O HOLMAN RD N",2011,11700, ,Y,97,71050650,10764,10764,304694,6617.585135932539742
"(47.578355919000046, -122.41328134599996)",N,BEACH DR SW,"BEACH DR SW, SE/O 61ST AVE SW",2011,4200, ,Y,98,53850050,9093,9093,303022,17358.496755608113745
"(47.60178556900007, -122.32894644599997)",Y,4TH AVE,"4TH AVE, SE/O PIKE ST",2011,20100,Y,Y,99,31300120,6130,6130,303850,4472.226115142166236
"(47.61851315400003, -122.33297304399997)",Y,DENNY WAY,"DENNY WAY, E/O MINOR AVE",2011,22000,Y,Y,100,63450245,158085,158085,307694,555.112611597149453
"(47.610614154000075, -122.33244672399996)",Y,7TH AVE,"7TH AVE, SE/O PIKE ST",2011,7700, ,Y,101,47050080,8157,8157,308020,1278.577987883498736
"(47.613130126000044, -122.33628183799999)",Y,6TH AVE,"6TH AVE, NW/O LENORA ST",2011,7500, ,Y,102,44350170,7890,7890,302248,2945.325842654120152
"(47.70419933100004, -122.30161245299996)",N,LAKE CITY WAY NE,"LAKE CITY WAY NE, SW/O NE 115TH ST",2011,41500, ,Y,103,80150280,11166,11166,304547,2944.274922496535964
"(47.52011701300006, -122.26277739699998)",N,RAINIER AVE S,"RAINIER AVE S, E/O 75TH AVE S",2011,17800, ,Y,104,93451120,12439,12439,307779,8040.809305847436008
"(47.52107001400003, -122.37676149299995)",N,35TH AVE SW,"35TH AVE SW, N/O SW ROXBURY ST",2011,15800,Y,Y,105,27200460,5484,5484,307670,4710.620351738742102
"(47.734140585000034, -122.36092988499996)",N,N 145TH ST,"N 145TH ST, W/O LINDEN AVE N",2011,13500,Y,Y,106,119750060,15264,15264,307719,3896.135071446172333
"(47.68507268700006, -122.32292811299999)",N,5TH AVE NE,"5TH AVE NE, S/O NE NORTHGATE WAY",2011,20500,Y,Y,107,38950585,7255,7255,304543,8580.33062892669659
"(47.68507268700006, -122.32292811299999)",N,N 85TH ST,"N 85TH ST, W/O ASHWORTH AVE N",2011,25100, ,Y,108,125000140,15962,15962,307380,6272.836367720166891
"(47.68678736500004, -122.32295135999999)",N,NE 80TH ST,"NE 80TH ST, E/O 5TH AVE NE",2011,9900, ,Y,109,136400060,17610,17610,303597,1329.873409155487025
"(47.661261953000064, -122.31199330999999)",N,15TH AVE NE,"15TH AVE NE, S/O NE 65TH ST",2011,9600, ,Y,110,5550170,2047,2047,304644,5297.11257738873428
"(47.658981683000036, -122.30113876099995)",N,NE 45TH ST,"NE 45TH ST, W/O NE 45TH PL",2011,38000, ,Y,111,132850275,288753,288753,308075,2427.191584492211405
"(47.56409503800006, -122.28818594699999)",N,S GENESEE ST,"S GENESEE ST, E/O 38TH AVE S",2011,9900, ,Y,112,160200190,20097,20097,304802,4316.749127150523236
"(47.50820078700008, -122.37087513199998)",N,SW 106TH ST,"SW 106TH ST, W/O SEOLA BEACH DR SW",2011,8900, ,Y,113,172350300,21625,21625,308089,1250.037627809421792
"(47.664990757000055, -122.32612581899997)",N,NE 50TH ST,"NE 50TH ST, W/O ROOSEVELT WAY NE",2011,21400,Y,Y,114,133200100,16929,16929,307792,3496.350433182521556
"(47.656021268000075, -122.31784149899994)",N,ROOSEVELT WAY NE,"ROOSEVELT WAY NE, N/O NE 50TH ST",2011,11400,Y,Y,115,94850100,12601,12601,304088,9323.473715024723788
"(47.65538287700008, -122.34243924099997)",N,N 40TH ST,"N 40TH ST, E/O STONE WAY N",2011,11900, ,Y,116,120600150,15416,15416,304712,4694.998075235537726
"(47.59648601400005, -122.32904621999995)",N,4TH AVE S,"4TH AVE S, S/O SEATTLE BLVD S",2011,33200,Y,Y,117,31500060,6232,6232,307678,9143.595438427350018
"(47.572083992000046, -122.37199326999996)",N,SW ADMIRAL WAY,"SW ADMIRAL WAY, SE/O SW CITY VIEW ST",2011,25100,Y,Y,118,173050020,21691,21691,307800,5796.757459590280632
"(47.61116907600007, -122.32076019899995)",N,E MADISON ST,"E MADISON ST, SW/O 17TH AVE",2011,24100,Y,Y,119,112750115,14348,14348,307171,3074.170970105315064
"(47.55339933000005, -122.32955138399996)",N,S LUCILE ST,"S LUCILE ST, E/O 4TH AVE S",2011,8100, ,Y,120,164950060,20693,20693,304806,2110.636598850700921
"(47.55563644700004, -122.32953101199996)",N,4TH AVE S,"4TH AVE S, N/O S MICHIGAN ST",2011,20300,Y,Y,121,31500330,6261,6261,307674,4284.66061917582465
"(47.571207618000074, -122.35847912499997)",N,DELRIDGE WAY SW,"DELRIDGE WAY SW, S/O SW ANDOVER ST",2011,19600,Y,Y,122,63200030,9960,9960,307692,12560.081373135770264
"(47.66235290800006, -122.37622118799999)",N,15TH AVE NW,"15TH AVE NW, S/O NW 80TH ST",2011,39600,Y,Y,123,5600260,2117,2117,304650,11279.131601188479181
"(47.67602257000004, -122.35435321799997)",N,GREENWOOD AVE N,"GREENWOOD AVE N, S/O N 80TH ST",2011,11300,Y,Y,124,71050490,10746,10746,307702,4085.063721927152983
"(47.70859413300008, -122.32327545299995)",N,5TH AVE NE,"5TH AVE NE, N/O NE NORTHGATE WAY",2011,17300, ,Y,125,38950590,7256,7256,304545,5299.088000593668767
"(47.63231571700004, -122.39187886999997)",N,20TH AVE W,"20TH AVE W, S/O W DRAVUS ST",2011,6400, ,Y,126,10750020,3090,3090,304748,9516.656238223147739
"(47.65108342000008, -122.30390735999998)",N,MONTLAKE BLVD NE,"MONTLAKE BLVD NE, N/O NE PACIFIC PL",2011,46800, ,Y,127,86950030,11911,11911,304549,2966.812716050265863
"(47.62504920300006, -122.32089298799997)",N,10TH AVE E,"10TH AVE E, S/O E BOSTON ST",2011,12900, ,Y,128,1500170,1298,1298,302673,6738.794416587487831
"(47.52223294400005, -122.31498166799997)",N,14TH AVE S,"14TH AVE S, N/O S DIRECTOR ST",2011,8200,Y,Y,129,4650470,1960,1960,304642,1863.588677536030445
"(47.56433107000004, -122.31350185899998)",N,S COLUMBIAN WAY,"S COLUMBIAN WAY, W/O BEACON WR AVE S",2011,14500,Y,Y,130,156200095,166998,166998,302665,7482.434859542484446
"(47.72323366900008, -122.35554671099999)",N,N 130TH ST,"N 130TH ST, W/O LINDEN AVE N",2011,19900,Y,Y,131,118650070,15160,15160,307717,2601.582182831452883
"(47.690562587000045, -122.34452192099997)",N,N 85TH ST,"N 85TH ST, W/O LINDEN AVE N",2011,25100,Y,Y,132,125000070,15954,15954,307721,5288.152319971578436
"(47.66501938000005, -122.35395996399996)",N,N 50TH ST,"N 50TH ST, W/O FREMONT AVE N",2011,11900, ,Y,133,121950060,15641,15641,308071,3394.476336552895191
"(47.57981113900007, -122.33420081399998)",N,S LANDER ST,"S LANDER ST, W/O 6TH AVE S",2011,16100, ,Y,134,164200065,20628,20628,307486,3159.940723968890325
"(47.59918906300004, -122.31722284699998)",N,12TH AVE S,"12TH AVE S, S/O S WELLER ST",2011,11500, ,Y,135,3400060,1656,1656,303744,1509.149076950785457
"(47.539147402000026, -122.36093796499995)",N,DELRIDGE WAY SW,"DELRIDGE WAY SW, N/O SW MYRTLE ST",2011,20600,Y,Y,136,63200190,9976,9976,307688,6000.989230622982177
"(47.648468285000035, -122.37610866399996)",N,W DRAVUS ST,"W DRAVUS ST, E/O 20TH AVE W",2011,20800, ,Y,137,185250170,23222,23222,308093,1447.606437030787674
"(47.67577422100004, -122.30065154799996)",N,NE 65TH ST,"NE 65TH ST, E/O 25TH AVE NE",2011,13000,Y,Y,138,134650300,17278,17278,304682,2556.737168300907342
"(47.65043101700007, -122.34983490399998)",N,FREMONT AVE N,"FREMONT AVE N, S/O N 46TH ST",2011,9500, ,Y,139,68700160,10498,10498,303738,5330.66502931343166
"(47.62601780000006, -122.29244003299999)",N,E MADISON ST,"E MADISON ST, SW/O 38TH AVE E",2011,13800, ,Y,140,112750380,14372,14372,304670,5345.45868849762428
"(47.65587141100008, -122.38647924699995)",N,GILMAN AVE W,"GILMAN AVE W, NW/O W EMERSON PL",2011,11800, ,Y,141,70000070,10638,10638,304753,5624.129843511646868
"(47.69314422200006, -122.37658588399995)",N,HOLMAN RD NW,"HOLMAN RD NW, NE/O 13TH E AVE NW",2011,30500,Y,Y,142,73600060,10940,10940,304724,6856.260636388089551
"(47.65443888900006, -122.37621797899999)",N,BALLARD BR,"BALLARD BR, S/O POINT A",2011,63800, ,Y,143,53150010,9047,9047,308208,2886.762704049967851
"(47.569166186000075, -122.31343045799997)",N,15TH AVE S,"15TH AVE S, S/O S BRADFORD ST",2011,23600,Y,Y,144,5650245,2155,2155,304652,1763.835157617728328
"(47.60721842000004, -122.32075236399999)",N,E CHERRY ST,"E CHERRY ST, W/O 26TH AVE",2011,7900, ,Y,145,109100160,13894,13894,304533,6132.015765538788401
"(47.683047427000076, -122.30075822799995)",N,NE 75TH ST,"NE 75TH ST, W/O 30TH AVE NE",2011,16900,Y,Y,146,135950280,17527,17527,304686,2532.026820093559763
"(47.68311118200006, -122.31748950699995)",N,NE 75TH ST,"NE 75TH ST, E/O 12TH AVE NE",2011,21300,Y,Y,147,135950110,17510,17510,304684,4121.495537870032422
"(47.54394489200007, -122.31893008499998)",N,ELLIS AVE S,"ELLIS AVE S, S/O S WARSAW ST",2011,6200,Y,Y,148,65750060,10230,10230,304774,6690.908493635459308
"(47.734128428000076, -122.34509710399999)",N,N 145TH ST,"N 145TH ST, W/O MERIDIAN AVE N",2011,26400, ,Y,149,119750210,15279,15279,304710,3990.832799746199726
"(47.618550165000045, -122.34240185299996)",Y,DENNY WAY,"DENNY WAY, E/O WESTLAKE AVE",2011,34600,Y,Y,150,63450200,10015,10015,307696,2325.446123489488855
"(47.67581492800008, -122.31565804699994)",N,12TH AVE NE,"12TH AVE NE, S/O NE 75TH ST",2011,8500,Y,Y,151,3300260,1589,1589,304349,2640.883274703637653
"(47.62579577000008, -122.33863455)",N,VALLEY ST,"VALLEY ST, W/O FAIRVIEW AVE N",2011,44500,Y,Y,152,101600170,13267,13267,307749,4143.964822747863764
"(47.52280971300007, -122.34672690899998)",N,SW BARTON ST,"SW BARTON ST, W/O 30TH AVE SW",2011,13800, ,Y,153,174000250,21848,21848,304853,7676.732230137723491
"(47.61917077700008, -122.30254741099998)",N,24TH AVE E,"24TH AVE E, N/O E PROSPECT ST",2011,21100,Y,Y,154,14750110,3543,3543,304517,9802.723282739116257
"(47.59912512400007, -122.29258593199995)",N,31ST AVE S,"31ST AVE S, S/O S JACKSON ST",2011,4400, ,Y,155,22750030,4828,4828,308002,8587.771583126048426
"(47.68687813100007, -122.37679291699999)",N,NW 80TH ST,"NW 80TH ST, W/O 15TH AVE NW",2011,9300, ,Y,156,148000130,18898,18898,304741,5301.02981218397781
"(47.59920482900003, -122.33418803099994)",N,1ST AVE S,"1ST AVE S, N/O S SPOKANE NR ST",2011,19700,Y,Y,157,300200,1212,1212,304757,10030.414464825396863
"(47.675969261000034, -122.331352832)",N,NE 65TH ST,"NE 65TH ST, W/O 15TH AVE NE",2011,16100,Y,Y,158,134650170,17265,17265,302667,4785.49014364323375
"(47.66138529600005, -122.34214535899997)",N,N 46TH ST,"N 46TH ST, W/O PHINNEY AVE N",2011,24800,Y,Y,159,121400040,15557,15557,307773,6326.209638117011309
"(47.68694220500004, -122.34450322999999)",N,N 80TH ST,"N 80TH ST, W/O LINDEN AVE N",2011,15700, ,Y,160,124550040,15893,15893,303936,7953.153596038066098
"(47.708628720000036, -122.328634266)",N,NE NORTHGATE WAY,"NE NORTHGATE WAY, E/O 5TH AVE NE",2011,31200,Y,Y,161,139300040,18013,18013,307727,2654.667797651362434
"(47.57772508700003, -122.32597792399997)",N,6TH AVE S,"6TH AVE S, S/O S FOREST ST",2011,17400,Y,Y,162,44550180,7997,7997,303736,4151.569596007752807
"(47.70508354100008, -122.35545274599997)",N,N 105TH ST,"N 105TH ST, W/O EVANSTON W AVE N",2011,21100, ,Y,163,117400050,15012,15012,308067,2648.987964200400256
"(47.653375236000045, -122.31218414899996)",N,15TH AVE NE,"15TH AVE NE, S/O NE 45TH ST",2011,15200,Y,Y,164,5550070,2034,2034,304541,2877.217583475411175
"(47.55038680600006, -122.31351966899996)",N,SWIFT AVE S,"SWIFT AVE S, NW/O S ALBRO PL",2011,8100, ,Y,165,99400050,13038,13038,308091,5113.608508376763893
"(47.695952428000055, -122.33502421399999)",N,MERIDIAN AVE N,"MERIDIAN AVE N, S/O N 145TH ST",2011,4000,Y,Y,166,86200680,11752,11752,302769,12231.802527726487824
"(47.645263777000025, -122.30461715199999)",N,MONTLAKE BR,"MONTLAKE BR, S/O POINT A",2011,58000, ,Y,167,86850010,11902,11902,308065,2146.991199554693139
"(47.73409487500004, -122.32887983699999)",N,NE 145TH ST,"NE 145TH ST, E/O 5TH AVE NE",2011,31600, ,Y,168,131450030,16680,16680,308073,8969.647074281509049
"(47.62601780000006, -122.29244003299999)",N,LAKE WASHINGTON BLVD E,"LAKE WASHINGTON BLVD E, NW/O E MADISON ST",2011,25500, ,Y,169,80550170,11209,11209,304525,8756.902310972263876
"(47.646888415000035, -122.35136120299995)",N,NICKERSON ST,"NICKERSON ST, NW/O FLORENTIA ST",2011,20600,Y,Y,170,88150040,11970,11970,304698,7124.118264540297787
"(47.60721842000004, -122.32075236399999)",N,BROADWAY,"BROADWAY, S/O E DENNY WAY",2011,17000, ,Y,171,57350200,9450,9450,304523,6473.238232844774757
"(47.59842209200008, -122.32896982499994)",Y,2ND AVE,"2ND AVE, SE/O PIKE ST",2011,15000,Y,Y,172,9550150,2757,2757,303661,5381.62704242365362
"(47.59216265800006, -122.30869003499998)",N,RAINIER AVE S,"RAINIER AVE S, NW/O S MCCLELLAN ST",2011,35700,Y,Y,173,93450260,12364,12364,307735,5670.934775383799206
"(47.661276979000036, -122.314285816)",N,NE 45TH ST,"NE 45TH ST, E/O 16TH AVE NE",2011,24600,Y,Y,174,132850170,16854,16854,304678,3664.628021330895081
"(47.61859203600005, -122.35283934999995)",Y,DENNY WAY,"DENNY WAY, W/O 6TH AVE",2011,29500,Y,Y,175,63450135,10007,10007,304666,2574.22089966601834
"(47.599210087000074, -122.31413725499999)",N,S JACKSON ST,"S JACKSON ST, W/O 23RD AVE S",2011,10300, ,Y,176,162850240,20501,20501,304804,5318.568015867287613
"(47.65043101700007, -122.34983490399998)",N,LEARY WAY NW,"LEARY WAY NW, NW/O 3RD AVE NW",2011,29200,Y,Y,177,81500030,11336,11336,304738,11667.651593516624416
"(47.64958972900007, -122.34974744899995)",N,NE PACIFIC ST,"NE PACIFIC ST, NE/O 2ND AVE NE",2011,11300,Y,Y,178,139500020,18039,18039,304690,7934.10828887241405
"(47.66867869200007, -122.38757648699999)",N,SEAVIEW AVE NW,"SEAVIEW AVE NW, N/O NW 67TH ST",2011,2700, ,Y,179,95950080,12762,12762,308087,16932.869896299958782
"(47.67578344000003, -122.31192972099996)",N,NE 65TH ST,"NE 65TH ST, W/O 25TH AVE NE",2011,11200, ,Y,180,134650290,17277,17277,304680,2778.453619188335779
"(47.61288935500005, -122.31673335399995)",N,E UNION ST,"E UNION ST, W/O 26TH AVE",2011,9900, ,Y,181,116500250,14903,14903,302669,6765.498887052469399
"(47.61993670700008, -122.31692834299997)",N,12TH AVE E,"12TH AVE E, N/O E JOHN ST",2011,7700, ,Y,182,3250020,1551,1551,304513,2417.378095429239693
"(47.607996624000066, -122.29625430699997)",N,M L KING JR WAY E,"M L KING JR WAY E, S/O E JOHN ST",2011,7200, ,Y,183,82920010,11495,11495,304529,5599.146541753874772
"(47.54320179800004, -122.33399432999994)",N,S MICHIGAN ST,"S MICHIGAN ST, E/O 6TH AVE S",2011,42400,Y,Y,184,165650100,20848,20848,304808,3586.219535596972946
"(47.601695164000034, -122.31782315499999)",N,E YESLER WAY,"E YESLER WAY, W/O 23RD AVE",2011,7900, ,Y,185,116900140,14946,14946,304539,6243.188429944879317
"(47.53895778300006, -122.29608148499995)",N,S OTHELLO ST,"S OTHELLO ST, E/O 43RD AVE S",2011,8100, ,Y,186,167350150,21055,21055,304584,6539.667860037639912
"(47.65601781700008, -122.31784158799996)",N,11TH AVE NE,"11TH AVE NE, S/O NE 45TH ST",2011,9800,Y,Y,187,2300050,1408,1408,304157,7370.165105359918016
"(47.54737114200003, -122.33383113599996)",N,1ST AV S BR NB,"1ST AV S BR NB & SB, S/O POINT A",2011,98300, ,Y,188,520040,1270,1270,307929,6423.229490163698756
"(47.68155393100005, -122.31745695999996)",N,ROOSEVELT WAY NE,"ROOSEVELT WAY NE, N/O NE 73RD ST",2011,12400,Y,Y,189,94850310,12623,12623,304249,597.644961647171044
"(47.708528407000074, -122.31243035999995)",N,NE NORTHGATE WAY,"NE NORTHGATE WAY, W/O 15TH AVE NE",2011,18900,Y,Y,190,139300090,18018,18018,304688,3192.171619000645023
"(47.660481978000064, -122.36619104799996)",N,8TH AVE NW,"8TH AVE NW, S/O NW 80TH ST",2011,17400, ,Y,191,48000400,8406,8406,308022,14468.63970794337547
"(47.72316551600005, -122.32891834799995)",N,1ST AVE NE,"1ST AVE NE, S/O NE 145TH ST",2011,5200, ,Y,192,200640,1113,1113,302765,3986.725291864721839
"(47.52317298100007, -122.39298987199999)",N,FAUNTLEROY FERRY DOCK,"SW BARTON ST, SW/O FAUNTLEROY WAY SW",2011,6900, ,Y,193,174000400,21861,21861,304861,304.679593832594207
"(47.662195405000034, -122.36786512799995)",N,24TH AVE NW,"24TH AVE NW, S/O NW 80TH ST",2011,11000, ,Y,194,14850180,3605,3605,304658,13858.390499257206102
"(47.59648601400005, -122.32904621999995)",N,S DEARBORN ST,"S DEARBORN ST, W/O 13TH AVE S",2011,20500,Y,Y,195,157550090,19832,19832,307743,4409.254389486332002
"(47.60168377100007, -122.32765594099999)",Y,5TH AVE,"5TH AVE, SE/O PIKE ST",2011,14600, ,Y,196,38850120,7235,7235,303647,4844.808374124009788
"(47.599210087000074, -122.31413725499999)",N,RAINIER AVE S,"RAINIER AVE S, SE/O BOREN AVE S",2011,33900,Y,Y,197,93450010,12340,12340,307798,2901.928231691225392
"(47.61172587600004, -122.34703649299996)",N,ELLIOTT AVE W,"ELLIOTT AVE W, SE/O W MERCER PL",2011,49200,Y,Y,198,65600100,10218,10218,304751,10823.173035693542261
"(47.62455222500006, -122.34365433699998)",N,MERCER ST,"MERCER ST, W/O FAIRVIEW AVE N",2011,35100,Y,Y,199,86150160,11775,11775,307713,2310.08695392374284
"(47.668650650000075, -122.36220391299997)",N,NW MARKET ST,"NW MARKET ST, W/O 8TH AVE NW",2011,23800,Y,Y,200,151300110,19223,19223,307356,6251.562906805513194
"(47.66138529600005, -122.34214535899997)",N,N 45TH ST,"N 45TH ST, W/O EASTERN AVE N",2011,23300, ,Y,201,121250320,15553,15553,304715,4925.063829855749646
"(47.66132822800006, -122.32215961099996)",N,NE 45TH ST,"NE 45TH ST, W/O ROOSEVELT WAY NE",2011,38000, ,Y,202,132850100,16847,16847,307829,1955.951748777634748
"(47.63349905000007, -122.37619535299996)",N,MAGNOLIA BR,"MAGNOLIA BR, E/O W GARFIELD ST OFF RP",2011,17600,Y,Y,203,83150030,11604,11604,307711,8171.866678105112442
"(47.62579577000008, -122.33863455)",N,WESTLAKE AVE N,"WESTLAKE AVE N, S/O HIGHLAND DR",2011,23900,Y,Y,204,104400090,13540,13540,304704,8936.569230962388247
"(47.68310482500004, -122.31696097799994)",N,LAKE CITY WAY NE,"LAKE CITY WAY NE, NE/O NE 95TH ST",2011,35900, ,Y,205,80150170,11159,11159,307332,8962.330162453572484
"(47.65173327200006, -122.32115167299997)",N,UNIVERSITY BR,"UNIVERSITY BR, SW/O POINT A",2011,32300,Y,Y,206,101100010,13189,13189,307405,1762.966983010850299
"(47.53369186200007, -122.36042453999994)",N,,"SW HOLDEN ST, W/O DELRIDGE WAY SW",2011,6100, ,Y,207,178150150,22372,22372,304567,4000.472359626736761
"(47.601695164000034, -122.31782315499999)",N,BOREN AVE,"BOREN AVE, NW/O E YESLER WAY",2011,18100,Y,Y,208,55650010,9303,9303,304519,1305.252495267407312
"(47.59928129200006, -122.30223345099995)",N,23RD AVE S,"23RD AVE S, S/O S JACKSON ST",2011,18700,Y, ,209,13750030,3444,3444,304656,5429.157536673201321
"(47.601842788000056, -122.33759941899996)",N,,"COLMAN DOCK , W/O ALASKAN WAY",2011,18000, ,Y,210,59920010,534681,534681,304620,260.427125737149822
"(47.60171754600003, -122.33658213799998)",Y,ALASKAN WAY S,"ALASKAN WAY S, N/O S KING ST",2011,10000, ,Y,211,50500050,8738,8738,308028,5022.389638320329141
"(47.57148070400007, -122.36349875399998)",N,WEST SEATTLE BR EB & WB,"WEST SEATTLE BR EB & WB, NE/O FAUNTLEROY WAY SW",2011,39900,Y,Y,212,102580290,13333,13333,307594,6579.561475120916839
"(47.571207618000074, -122.35847912499997)",N,WEST SEATTLE BR EB & WB,"WEST SEATTLE BR (EB&WB) , E/O DELRIDGE-W SEATTLE BR EB ON RP",2011,83300, ,Y,213,102580130,13330,13330,308155,1248.611545500383727
"(47.58831040300004, -122.33844063699996)",N,ALASKAN WAY S,"ALASKAN WAY S, N/O S MASSACHUSETTS ST",2011,6700, ,Y,214,50500170,8742,8742,308030,6192.190130534123455
"(47.68311118200006, -122.31748950699995)",N,ROOSEVELT WAY NE ,"ROOSEVELT WAY NE, S/O NE NORTHGATE WAY",2011,7800,Y,Y,215,94850600,12652,12652,304553,9284.036926364538886
"(47.64614702700004, -122.34974100999995)",N,FREMONT BR,"FREMONT BR, N/O POINT A",2011,31000,Y,Y,216,68750010,10563,10563,307273,1563.798177409407117
"(47.61402707700006, -122.34775449899996)",N,BATTERY ST TUNNEL NB & SB,"BATTERY ST TUNNEL (NB & SB), NE/O ALASKAN WY VI NB",2011,53000, ,Y,217,53650010,9080,9080,308605,2041.571170687017911
"(47.59920694700003, -122.33543958699994)",N,S JACKSON ST,"S JACKSON ST, E/O 5TH AVE S",2011,12800,Y,Y,218,162850080,20488,20488,303724,5255.751442200364181
"(47.51401604400007, -122.32819219199996)",N,SR509 NB,"SR509 NB & SB , S/O CLOVERDALE ST ON & OFF RP",2011,64700, ,Y,219,97450080,12881,12881,304618,5993.16504134895149
"(47.52330726800005, -122.26998603899995)",N,S HENDERSON ST,"S HENDERSON ST, E/O RENTON AVE S",2011,12000,Y,Y,220,161550180,20241,20241,303726,2223.58999870900152
"(47.54389035400004, -122.32962073799996)",N,EAST MARGINAL WAY S,"EAST MARGINAL WAY S, SE/O 4TH AVE S",2011,17800,Y,Y,221,113000310,14409,14409,304800,5366.358366259592913
"(47.54245258000003, -122.28370215499996)",N,M L KING JR WAY S NB & SB,"M L KING JR ER & WR WAY S, SE/O S HOLLY ST",2011,25100, ,Y,222,83030670,486569,486569,304788,7186.479745323815223
"(47.708560987000055, -122.31785220999996)",N,NORTHGATE WAY W/O 15TH AVE NE,"NE NORTHGATE WAY, W/O 15TH AVE NE",2011,18900,Y,Y,223,139300090,18018,18018,304688,1334.918892631303606
"(47.53426725400004, -122.313197533)",N,EAST MARGINAL WAY S,"EAST MARGINAL WAY S, SE/O BOEING DR",2011,16100,Y,Y,224,113000390,14420,14420,307698,1390.106762320916005
"(47.60171754600003, -122.33658213799998)",Y,ALASKAN WAY,"ALASKAN WAY, SE/O PIKE ST",2011,11300,Y,Y,225,50450160,269161,269161,307686,2699.014211130821877
"(47.54698097800008, -122.30793669799999)",N,S GRAHAM ST,"S GRAHAM ST, E/O SWIFT AVE S",2011,14400, ,Y,226,160500030,20110,20110,308079,5650.69561172189151
"(47.65135136100008, -122.34731411199999)",N,AURORA AVE N,"AURORA AVE N, S/O N 80TH ST",2011,37400, ,Y,227,52500700,8957,8957,308049,13101.596033819592776
"(47.60172225500003, -122.33554940699997)",Y,WESTERN AVE,"WESTERN AVE, NW/O UNION ST",2011,8700, ,Y,228,104200090,13503,13503,308205,2390.745821119614902
"(47.68694220500004, -122.34450322999999)",N,AURORA AVE N,"AURORA AVE N, S/O N 112TH ST",2011,32400, ,Y,229,52501010,8988,8988,304692,8438.973686694766002
"(47.55932475900005, -122.38682986999999)",N,CALIFORNIA AVE SW,"CALIFORNIA AVE SW, S/O ERSKINE WAY SW",2011,13000, ,Y,230,57900270,9555,9555,308053,5272.757337804995586
"(47.57835004300006, -122.29815071399997)",N,RAINIER AVE S,"RAINIER AVE S, SE/O M L KING JR WAY S",2011,32200,Y,Y,231,93450300,12368,12368,307737,6331.468150000773676
"(47.60165615300008, -122.29676784199995)",N,ML KING JR BLVD S NB & SB,"M L KING JR ER & WR WAY S, N/O S ANDOVER ST",2011,21100,Y,Y,232,82930400,352636,352636,307514,15240.664722065361275
"(47.59919689000003, -122.32896751399994)",N,4TH AVE S,"4TH AVE S, S/O 2ND AV ET S",2011,26600,Y,Y,233,31500050,6230,6230,307676,989.412465068772235
"(47.66983612900003, -122.34001046299994)",N,EAST GREEN LAKE WAY N,"EAST GREEN LAKE WAY N, NE/O N 57TH ST",2011,16300,Y,Y,234,110750030,14073,14073,307308,5999.201498990153596
"(47.67572242700004, -122.26354467899995)",N,SAND POINT WAY NE,"SAND POINT WAY NE, S/O NE 74TH ST",2011,14600, ,Y,235,95550230,12724,12724,308083,2627.9478611424056
"(47.682772372000045, -122.34448441399996)",N,EAST GREEN LAKE DR N,"EAST GREEN LAKE DR N, NW/O LATONA AVE NE",2011,12500, ,Y,236,110700050,14060,14060,304706,5941.889149302470287
"(47.66124330500003, -122.29286352199995)",N,SAND POINT WAY NE,"SAND POINT WAY NE, SW/O NE 65TH ST",2011,17600, ,Y,237,95550200,12722,12722,308085,9652.347107549097927
"(47.571577664000074, -122.32898895899996)",N,WEST SEATTLE BR EB & WB,"WEST SEATTLE BR EB & WB, NE/O FAUNTLEROY WAY SW",2011,39900,Y,Y,238,102580040,13333,13333,307594,7305.027200542995161
"(47.50884352400004, -122.27822332499994)",N,M L KING JR WAY S,"M L KING JR ER & WR WAY S, S/O S NORFOLK ST",2011,30700,Y,Y,239,82930910,489661,489661,307790,5307.35861046505488
"(47.71960135900008, -122.35553853899995)",N,N 125TH ST,"N 125TH ST, W/O AURORA AVE N",2011,9400, ,Y,240,118500080,519931,519931,308069,2609.62303232386148
"(47.560808447000056, -122.29324025299996)",N,M L KING JR WAY S,"M L KING JR ER & WR WAY S, NW/O S EDMUNDS ST",2011,20200, ,Y,241,,484993,484993,308063,7102.155338104333168
"(47.66503444600005, -122.34020747199997)",N,NE 50TH ST,"N 50TH ST, W/O 1ST AVE NE",2011,26900,Y,Y,242,133200020,15656,15656,304720,3469.896688915790037
"(47.61090005900007, -122.34553867499994)",Y,WESTERN AV OFF RP,"WESTERN AV OFF RP, NW/O ALASKAN WY VI NB",2011,16200, ,Y,243,104300010,13524,13524,303110,800.684096850946503
"(47.54827138400003, -122.33430913199999)",N,EAST MARGINAL WAY S,"EAST MARGINAL WAY S, NW/O S MICHIGAN ST",2011,14000,Y,Y,244,113000280,14407,14407,304798,2027.943455466750038
"(47.534199596000065, -122.33216467699998)",N,SR99 FY,"WEST MARGINAL NB & SB WAY S, SE/O CLOVERDALE ST ON RP",2011,41000, ,Y,245,97810020,490543,490543,308147,6145.389648502358796
"(47.601695164000034, -122.31782315499999)",N,BOREN AVE,"BOREN AVE, NW/O E YESLER WAY",2011,18100,Y,Y,246,55650010,9303,9303,304519,2098.096093199745155
"(47.60236019700005, -122.33670251499996)",Y,COLUMBIA ST ON RP,"COLUMBIA ST ON RP, NE/O ALASKAN WY VI SB",2011,11300, ,Y,247,60150010,9738,9738,303117,664.284649361950869
"(47.610664203000056, -122.34543064099995)",Y,ELLIOTT AV ON RP,"ELLIOTT AV ON RP, NW/O ALASKAN WY VI SB",2011,18400,Y,Y,248,65700010,10224,10224,303111,556.315589477154731
"(47.60178556900007, -122.32894644599997)",Y,4TH AVE S,"4TH AVE S, S/O 2ND AV ET S",2011,26600,Y,Y,249,31500050,6230,6230,307676,932.015393758370919
"(47.60648348600006, -122.32252969599995)",Y,BOREN AVE,"BOREN AVE, SE/O PIKE ST",2011,21100,Y,Y,250,55650170,9318,9318,304521,5447.817522424120398
"(47.60784153700007, -122.34265099699996)",Y,ALASKAN WAY,"ALASKAN WAY, SE/O BLANCHARD ST",2011,10300, ,Y,251,50450230,8728,8728,307107,4264.945927647945609
"(47.57156290100005, -122.34420594899996)",N,SW SPOKANE BR,"SW SPOKANE BR, W/O SW SPOKANE E ST",2011,22300,Y,Y,252,181760010,22804,22804,307654,3997.421837614164815
"(47.56407659800004, -122.37618931699996)",N,35TH AVE SW,"35TH AVE SW, S/O SW ALASKA ST",2011,23500,Y,Y,253,27200140,5452,5452,304827,7074.600950798406302
"(47.611576067000044, -122.33110191299994)",R,UNION ST OFF RAMP,"UNION ST OFF RP, NE/O UNION ST",2011,12300, ,Y,254,78100010,489864,489864,302267,309.049584676981453
"(47.61348159700003, -122.32993940999995)",R,OLIVE WAY OFF RAMP,"OLIVE WY OFF RP, S/O OLIVE WAY",2011,8800, ,Y,255,77250010,489829,489829,303548,1120.935702374601078
"(47.60567227100006, -122.32849229699997)",R,SENECA ST OFF RAMP,"SENECA ST OFF RP, SE/O SENECA ST",2011,21300, ,Y,256,96200020,490079,490079,302215,1443.049303191377476
"(47.56577617200003, -122.33943897999995)",N,ALASKAN WY VI NB & SB,"ALASKAN WY VI NB & SB, N/O EAST MARGINAL WAY S",2011,50200, ,Y,257,50650220,8766,8766,304614,8971.30550913166735
"(47.53895778300006, -122.29608148499995)",N,BEACON AVE S,"BEACON AVE S, S/O S SPOKANE ST",2011,12800, ,Y,258,53960170,573395,573395,308051,24970.892536063875013
"(47.61639303000004, -122.32915637199994)",R,YALE ST ON RAMP,"HOWELL ST ON RP, N/O I5 SB",2011,17800, ,Y,259,78200010,489781,489781,303551,448.622393919978379
"(47.622727087000044, -122.32865945399999)",R,STEWART ST RAMP,"STEWART ST OFF & REV RP, N/O STEWART ST; TOTAL FLOW",2011,12000, ,Y,260,77850010,489760,489760,303550,1117.751178379725843
"(47.59239917300005, -122.33549223199998)",N,ALAKSAN WAY VI NB ON RP,"1ST AV S ON RP, SE/O ALASKAN WY VI NB",2011,9600, ,Y,261,,1274,1274,303124,183.011077000356153
"(47.60526634200005, -122.32780083999995)",R,CHERRY ST ON RAMP NB,"CHERRY ST ON RP, NW/O CHERRY ST",2011,13100, ,Y,262,75600010,490102,490102,303547,1466.019383842039588
"(47.61637858700004, -122.32850941899994)",R,MELROSE AVE ON RAMP,"OLIVE WY ON RP, N/O MELROSE AV ON RP",2011,18300, ,Y,263,77300010,489779,489779,303549,1405.43491483806838
"(47.571788585000036, -122.37065501499995)",N,ALKI AVE SW,"ALKI AVE SW, W/O HARBOR AVE SW",2011,9000, ,Y,264,50950010,8782,8782,307430,19121.987291434525105
"(47.601969170000075, -122.32558870799994)",R,JAMES ST ON RAMP SB,"6TH AV ON RP, SE/O 6TH AVE",2011,4700, ,Y,265,76650010,490110,490110,302223,644.787516549869451
"(47.604891251000026, -122.32926248999996)",R,CHERRY ST REV RAMP,"CHERRY ST EXPRESS RP, NE/O CHERRY ST",2011,3100, ,Y,266,75650010,490099,490099,302219,225.508948337041517
"(47.60640009800005, -122.32980491999996)",R,COLUMBIA ST OFF RAMP,"JAMES ST OFF RP, NW/O COLUMBIA ST",2011,20200, ,Y,267,76600020,490084,490084,302218,314.984193826795945
"(47.619433736000076, -122.32848587399997)",R,PIKE RAMP,"I5 EXPR PIKE AND 9TH RP, N/O 9TH AV I5 EXPRESS ON RP",2011,2400, ,Y,268,75680010,489839,489839,302266,2503.774792897047973
"(47.60773005000004, -122.33134254599997)",R,SPRING ST ON RAMP,"SPRING ST ON RP, SE/O SPRING ST",2011,16400, ,Y,269,77800010,490080,490080,302217,424.587763964578585
"(47.59409383000008, -122.33466757899998)",N,ALASKAN WY VI NB & SB,"ALASKAN WY VI (NB & SB), N/O ALASKAN WY VI NB ON RP",2011,82600, ,Y,270,50650130,8765,8765,304612,8413.916944385317038
"(47.60390393400007, -122.32669589799997)",R,MADISON ST OFF RAMP,"MADISON ST OFF RP, SE/O 7TH AVE",2011,26200, ,Y,271,76850010,490101,490101,303546,1244.032458879068145
"(47.60352527100008, -122.32631488099997)",R,JAMES ST OFF RAMP,"JAMES ST OFF RP, SE/O JAMES ST",2011,9300, ,Y,272,76600010,490103,490103,303545,434.648336181027048
"(47.61369492600005, -122.32985272899998)",R,UNIVERSITY ST ON RAMP,"UNIVERSITY ST ON RP, N/O I5 NB",2011,8800, ,Y,273,78150010,489863,489863,302216,1876.972400691234043
"(47.59476091400006, -122.33457725599999)",N,ALASKAN WAY VI SB OFF RP,"1ST AV S OFF RP, S/O ALASKAN WY VI SB",2011,11100, ,Y,274,,1271,1271,303125,1938.703862571650234
"(47.571577664000074, -122.32898895899996)",N,S COLUMBIAN WAY,"S COLUMBIAN EB&WB WAY, NW/O 14TH AVE S",2011,27300, ,Y,275,156300030,19710,19710,307741,5076.748106420003751
"(47.61402707700006, -122.34775449899996)",N,ALASKAN WY VI NB & SB,"ALASKAN WY VI (NB & SB), N/O S ROYAL BROUGHAM WAY ON RP",2011,103400, ,Y,276,50650090,8762,8762,304608,8280.110312622919082
"(47.52733643800008, -122.31478481799996)",N,16TH AVE S,,,,,,277,6900445,2315,,,2570.37853242303845
